5194
6072
6870
10437
11920
23562
26509
27109
34305
35251
39678
41992
46533
61608
61879
62094
62325
68028
68338
69924
72798
79113
83019
83869
89967
90337
94137
94768
94863
106090
110469
117424
120325
122022
122289
125841
129283
131610
133845
134998
138868
139540
140304
143664
143680
147337
153747
156012
159745
160342
160384
162688
164398
173823
176578
178368
178462
181684
181767
184149
188652
189738
191670
197607
198729
201291
202350
202420
202906
205866
210103
211146
212664
215257
218317
223765
223954
228799
233994
234874
242886
246723
246973
249048
252354
253018
253405
255492
267358
272116
276463
279409
282459
287661
292728
299175
301813
302872
309793
313128
317061
317989
318661
318829
326313
329851
331453
334620
337776
338824
339594
340918
342363
350052
351358
358245
359812
359914
362136
362451
363435
364635
367191
374595
381243
384783
385614
386125
393682
393829
394444
400413
401935
407178
409515
418518
420364
421488
423492
425784
435934
438750
455484
455932
458502
459915
466122
467845
469066
480280
480432
484480
488311
497005
497199
498862
500100
512853
515269
520002
522949
529218
530211
532920
534690
536121
536391
540642
540810
550855
554034
559398
564913
565792
566565
569053
569821
575509
