1153
1425
1510
1723
1815
1867
1978
2110
2394
2508
2770
3115
3117
3150
3235
3348
3868
3877
4410
4627
5149
5191
5212
5500
5643
6886
7012
7189
7384
7453
8229
9231
9381
9411
9447
9639
9934
10012
10108
10242
10860
10927
11163
11337
11383
11601
11614
11895
12811
13068
13086
13162
13572
13705
13744
13834
13927
14076
14128
14820
14967
15123
15288
15468
15646
16965
17220
17500
17755
18685
18735
18766
19102
19905
20025
20202
20280
20344
20502
20605
21799
22065
22146
22179
22507
23080
23089
23232
23304
23344
23358
24057
24084
24279
24297
24328
24591
25072
25414
25903
26152
26296
26452
26490
26758
27558
28248
28348
28648
29116
29274
30078
30895
31728
31821
31866
33040
33054
33583
33625
33819
33882
34381
34416
34480
34537
34563
34737
34867
34992
35235
35677
35721
35866
35938
36111
37239
37408
37606
37845
38082
38083
38553
39156
39376
39382
39513
39597
39676
39720
39730
40384
41088
41106
41419
41440
41578
41581
41844
42270
42346
42408
42487
42849
43569
43720
43930
44577
44961
45030
45040
45097
45330
45675
46353
46878
47061
47286
47388
47527
47704
48285
48648
48828
48988
49095
49485
49632
49822
49953
50175
50439
50481
50620
50767
51106
52279
52311
52341
52684
52915
53116
53193
53695
53925
54138
54519
54625
54754
54838
54997
55008
56500
56538
56676
57258
57661
57823
57852
57924
58227
58540
58564
58777
59734
60225
60273
60477
60604
60877
60936
61080
61249
61875
62557
62845
62994
63700
63739
63765
64053
64120
64141
64408
64483
65107
65160
65613
65691
66024
66700
67764
67941
68314
68640
68641
68814
68926
69259
70003
70176
70267
70305
70456
70627
70996
71560
72384
72642
72685
72768
72850
72916
72924
72996
73054
73120
73209
73452
73579
74104
74211
74638
74743
75157
75280
75642
75676
75715
75717
75792
76351
76378
76534
76581
76657
76828
76918
77301
77545
77589
79321
79639
80029
80175
80295
80608
81099
81438
82858
82927
83118
83550
83607
84328
84568
84928
85035
85378
85750
85758
86154
86664
87291
87511
87556
87784
87901
88522
88597
88689
89137
89751
89755
90012
90660
91093
91486
91800
91882
92536
92878
92892
92997
93033
93045
93208
93600
93720
93766
94278
94350
94353
94372
94506
95578
96102
96453
97347
97404
97549
97651
97837
97956
98400
98602
99453
100290
101107
103131
103155
103617
103776
104148
104260
104404
104893
105202
105238
105273
105459
105630
106060
106290
106419
106519
106539
106585
106659
106771
107140
108310
108325
108372
108537
108804
108925
108949
109614
110883
111181
112089
112282
112333
112369
112665
112864
113592
113746
113857
113968
114562
114984
115012
115215
115236
115357
115720
115956
116010
116181
116883
117358
117558
117654
117771
117789
118588
118600
118834
119053
121249
122775
123192
123388
124329
124614
125202
125724
126129
126186
126246
126426
126466
126909
127498
128088
128941
129142
129373
129733
129909
129931
130101
130330
130450
130473
130836
131482
131689
132025
132117
132183
132184
132427
132468
132577
132705
132819
133074
133324
133488
133491
134637
135097
135550
135564
135879
136609
136818
137262
137326
137413
137481
137487
137745
138268
138375
138924
139188
139399
139588
139830
140044
140173
140463
140485
140565
140619
141076
142075
142150
142351
142923
142975
143316
143883
143938
143940
144078
144240
144564
146412
146724
146788
146796
147481
147504
147585
147604
147999
148675
148948
148992
149529
149670
149848
150049
150193
150454
150496
150960
151099
151312
151863
152005
152176
152388
152499
152625
152734
152989
153201
153273
153571
153867
154018
154407
154426
154593
154705
154855
154888
155113
155407
155605
155839
156153
156498
156577
156853
156891
157192
157392
157521
158488
158500
159342
159861
159879
160080
160537
160855
161314
161379
161650
162760
162888
163561
163626
163995
164016
164230
164362
164451
164592
164856
165462
165540
165637
166491
166561
167145
167148
167155
167242
167443
167490
168249
168709
168886
169066
169833
170400
170463
170739
170805
171067
171243
171880
172056
172357
172725
172770
173158
173217
173265
173368
173496
173580
173740
173887
174163
174867
174970
175222
175410
175747
176652
176778
177078
177247
177309
177334
177939
177963
177979
178039
178216
178315
178713
178801
179682
180429
181014
181525
181678
181965
181998
182370
182418
182698
183198
183325
183748
183885
184126
184225
184230
184603
184704
185130
185310
185637
186031
186040
186114
186718
187099
187117
187122
187539
188004
189871
189979
190120
190192
190542
190594
191347
191419
192033
192355
192391
192622
192715
192804
192814
193588
193608
193848
193968
194268
194295
194689
195003
195391
195948
196366
196623
196636
197020
197292
197446
198235
198528
198603
198861
199455
200365
200457
200523
200880
201166
201643
201820
201838
202177
202981
203029
203256
203295
203562
204349
204715
204907
205195
205203
206301
206475
206635
207117
207273
207438
207591
207685
207721
207906
208039
208191
208228
208249
208410
208444
208657
208887
208932
208986
209094
209653
209677
210397
210925
211528
211714
212341
212376
212914
213187
213532
214162
214510
214806
214947
215010
215028
215091
215353
216007
216300
216321
216534
216871
217236
218106
218316
218980
219331
219496
219757
219906
220006
220282
220537
220551
220983
221149
221808
222553
222835
223218
223236
223464
223579
223822
224602
224656
225027
225534
225763
225810
226510
226909
227073
227328
227470
227884
227901
228511
228853
229435
229515
229678
230707
231207
231249
231397
232339
232353
232554
232662
233373
233665
233763
234666
235657
235705
236104
236683
237007
237378
237588
237606
238119
238131
238368
239107
239152
239181
239502
239733
240070
240114
240142
240163
240247
240634
240669
240717
241024
241360
241497
242566
242896
243190
243768
244125
244552
244672
245008
245338
245994
246237
246355
246531
246700
246780
247285
247390
247885
248391
248649
248955
249006
249220
249261
249504
249907
249934
250434
250597
250662
251109
251386
252744
252949
253308
253450
253531
253606
253777
254281
254352
254461
254607
254818
255175
255747
255754
256045
256096
256162
256684
257046
257109
257257
257260
257796
257853
257989
258463
258493
258768
258855
258967
259071
259180
259389
259470
259503
259773
260037
260058
260695
261274
261999
262416
262863
262954
262959
263410
263602
264814
264870
265627
265881
266175
266623
266680
266880
267069
267295
267645
267987
268024
268467
268534
268728
269005
269427
269697
269713
269914
270040
270406
270424
270462
270520
270556
270597
270666
271320
271444
271801
271921
271935
271968
272586
272671
272815
272827
273544
273961
274441
274491
275290
275460
275523
276058
276724
276826
277285
277467
277713
279592
279753
279778
279967
280209
280594
280966
281031
281457
281733
282078
282102
282111
282781
282940
283576
283636
283653
283803
284026
284050
284397
284412
284551
284589
284799
285114
285234
285292
285480
285495
286060
286122
286275
286393
286933
287524
287784
287991
288135
288192
288258
288304
289338
289642
289840
290121
290322
290451
290631
290743
290977
291037
291516
291730
291789
291970
292675
292684
292954
293304
293317
293602
294079
294414
294429
294474
294568
294633
294844
294918
294973
295212
295222
295594
295710
295837
296734
296865
296907
296982
297325
297897
298215
298372
298839
299263
299698
300631
300787
300792
300973
301159
301395
301537
301647
302125
302629
303346
303600
303900
303933
304422
304975
305136
305301
305328
305925
306042
306502
306946
307425
307447
307617
307941
308133
308134
308232
308239
308647
308769
309891
310281
310284
310287
310833
311070
311274
311281
311391
311706
311991
312087
312520
312531
312906
313141
313296
313360
313791
314004
314433
314680
315172
315304
315846
316423
316540
317019
317623
317925
318018
318393
318637
318706
319146
319356
319671
319906
320103
320217
320385
320938
321255
321364
321496
321498
321723
321847
322345
322350
322351
323395
323407
324139
324339
324451
324882
325558
325920
325966
326512
326914
327139
327601
327949
328234
329142
329152
329775
329937
330400
330948
331111
331459
331764
332362
332628
332658
332715
333022
333157
333283
333396
334440
334887
335310
335326
336096
336139
336397
336522
336820
336915
337131
337470
337819
337830
338112
338653
338680
339279
339369
339816
340233
340870
341211
341448
342313
342342
342570
342826
343204
343206
343318
343509
343821
344076
344499
344607
345081
345409
345592
346027
346348
346384
346809
347566
347722
347769
347919
347970
348142
348238
348783
349192
349524
349800
350572
350709
351520
352198
352305
352738
353175
354453
354579
354942
355819
355924
356289
356338
356877
357004
357229
357399
357466
357672
358330
358696
358840
359025
359706
359961
360825
361213
361563
361642
361756
362041
362266
362625
363268
363654
363714
363804
364392
364506
364620
364647
365160
365163
365244
365572
365847
365914
366118
366700
366847
367117
367186
367335
368041
368089
368521
368808
368832
368904
369130
369132
370008
370044
370224
370374
370498
371002
371494
371557
371806
371908
372879
373030
373032
373747
374218
374359
375484
375657
376206
376383
376437
376449
376555
376987
377422
377449
377535
377590
377694
378172
378474
378637
378867
378945
379411
379503
379555
380095
380262
380299
380356
380608
380737
380913
380979
381291
381559
381612
381952
382122
382485
383058
383212
383581
384292
384546
384645
384747
384811
384879
385192
385332
385392
385485
385813
386130
386791
387180
387541
387562
387771
387795
387960
388086
388146
388185
388303
388348
388618
389047
389106
389260
389263
389860
390402
390615
390871
391086
391399
391855
392253
392389
393052
393505
393643
393945
394332
394935
395145
395370
395445
396537
397066
397891
398050
398809
398830
399766
399894
400104
401071
401116
401242
401365
401421
401625
402027
402216
402351
403531
404008
404403
404488
404908
406426
406770
406837
407574
408594
409473
409788
409953
409960
409986
410079
410254
410326
411103
411756
411937
412102
412404
412441
412548
413014
413322
413766
413812
414012
414136
414403
414781
415029
415075
416502
416722
417013
417253
417385
417705
417883
418318
418552
418584
418767
419112
419437
419443
419656
419769
419959
420169
420660
420736
421045
421281
421329
421419
421648
421981
422380
423213
423382
424335
424734
424854
424977
425194
425458
425727
426115
426121
426598
426783
426891
427102
427500
428121
428205
428665
429427
429591
430306
430534
431220
432201
432865
432964
433152
433534
433827
433942
434347
434398
434458
434587
434613
434815
435036
435144
435375
435840
435894
436023
436026
436182
436395
436578
436896
436911
436969
437694
438333
439770
439834
440269
440485
440665
441259
441960
442312
442716
442767
442918
443302
443488
443533
443572
443647
444235
444598
445450
445644
445873
446674
446763
446841
446856
447016
447277
447549
447607
447855
448129
448144
448294
448446
448752
448866
448971
449076
449143
449905
450898
450975
451075
451156
451383
451461
451488
451617
451995
452178
452353
452431
452719
453154
453213
454086
454714
455361
455376
456057
456396
456556
456822
456867
456877
457185
457948
458212
458350
458407
458617
458707
458764
458772
458959
459030
459156
459298
459387
459709
460395
460551
461257
462034
462078
462378
462822
462918
462994
463083
463186
463207
463273
463729
463890
464052
464749
464823
464926
465535
465616
466126
466161
466329
466372
467028
467065
467076
467362
468114
468454
468505
468711
468873
469320
469596
470467
470728
470928
472180
472183
472989
473079
473215
473667
473856
474330
474894
475029
475717
475950
476212
476313
476368
476434
476439
476463
476833
477183
478152
478185
478435
479467
479646
479907
480277
480577
480619
480699
481231
481291
481443
481638
482392
482790
483397
483754
484345
484605
484756
485008
485329
486285
487123
487552
487809
487818
488005
488229
488481
488572
488731
488757
489385
489432
490443
490534
490590
490780
490815
491367
492028
492370
492766
493281
493401
493812
493915
493932
494217
494383
494776
494781
494814
495187
495354
496219
497124
497506
497667
498547
498979
499018
499254
499480
499878
500223
500358
500362
500980
501049
501648
502008
502512
502515
502644
503209
503274
503425
503458
503661
503793
504198
504858
505189
505303
505470
505584
506172
506560
506679
506725
506991
507028
507135
507279
507451
508197
508333
508468
509073
509205
509472
510061
510063
510220
510231
510328
510580
510679
511191
511302
511326
511363
511398
512109
512136
512530
512866
514494
515262
515461
515700
517576
518782
518784
519829
519972
520018
520054
520083
520336
520653
520705
520947
520968
521140
521530
522198
522255
522681
522979
523114
523135
523393
523488
524373
524484
524632
524971
525003
525571
525790
525916
526602
528688
528706
528724
528733
528795
529291
529318
529470
529494
529827
529909
530040
530214
530877
531006
531295
531363
531627
531712
531735
531748
531942
532167
532318
532342
532387
532437
532474
533119
533986
534015
534109
534385
534390
534832
535128
535257
535728
535743
536437
536556
537135
537238
537354
537687
538521
539371
539509
539545
540640
540826
541192
541953
541986
542377
542770
542830
542838
542997
543060
543540
543838
544009
544776
545386
545734
546142
546765
546948
547036
547113
547972
548311
548481
548944
549069
549153
549292
549315
550288
550947
551350
551754
551770
552585
553167
554010
554307
554461
554628
554842
555016
555229
555270
555315
555348
555366
555661
555732
555733
555781
556357
557104
557431
557464
557769
558430
558621
558987
559458
559479
559953
560109
560269
560500
560527
560607
560868
561732
561817
562338
562912
563677
564384
565173
565281
565402
565504
565869
565993
566458
566607
567177
567334
567361
567400
567756
567940
568030
568080
568278
568908
568968
569184
569820
570246
570601
571407
571536
571744
572647
572808
573046
573096
573097
573240
573673
574222
574270
574428
574464
574629
574657
575214
575259
575451
575632
575703
